VEHICLE=Rover
MODEL=rover-skid
INSTANCE=0
LAT=52.266666
LON=10.516667
ALT=100
DIR=180
SPEEDUP=10